0
3.9560439560439598
8.9010989010989
10.549450549450599
15.8241758241758
21.098901098901102
26.3736263736264
31.648351648351703
36.9230769230769
40.5490989010989
42.197802197802204
43.516483516483504
44.8351648351648
46.1538461538462
51.0980989010989
52.7464505494506
55.3846153846154
60.6593406593407
63.2967032967033
65.9340659340659
67.2527472527473
68.5714285714286
69.8901098901099
71.2087912087912
72.52747252747251
73.8461538461538
75.1648351648352
80.1098901098901
81.7582417582418
84.39560439560441
85.3840989010989
87.0324505494506
88.35164835164841
89.67032967032969
90.989010989011
92.30769230769229
93.6263736263736
94.945054945055
96.26373626373629
97.5824175824176
101.538461538462
113.406593406593
114.725274725275
117.032098901099